H+:
Time: 4.231262683868408 seconds.
[[-4.467   4.2091  4.2091 ...  3.4832  3.4832 -3.1826]
 [ 4.2091 -4.467  -4.032  ... -3.2573 -2.8223  2.7936]
 [ 4.2091 -4.032  -4.467  ... -2.8223 -3.2573  2.7936]
 ...
 [ 3.4832 -3.2573 -2.8223 ... -3.1406 -2.7055  2.657 ]
 [ 3.4832 -2.8223 -3.2573 ... -2.7055 -3.1406  2.657 ]
 [-3.1826  2.7936  2.7936 ...  2.657   2.657  -2.651 ]]

H-:
Time: 2.700000762939453 seconds.
[[-13.1763  -3.8601  -3.8601 ...  -0.548   -0.548    0.6645]
 [ -3.8601 -13.1763   4.6213 ...  -0.3488   0.0368  -0.0232]
 [ -3.8601   4.6213 -13.1763 ...   0.0368  -0.3488  -0.0232]
 ...
 [ -0.548   -0.3488   0.0368 ...  -0.2383   0.       0.0199]
 [ -0.548    0.0368  -0.3488 ...   0.      -0.2383   0.0199]
 [  0.6645  -0.0232  -0.0232 ...   0.0199   0.0199  -0.2383]]

S+:
Time: 4.291372299194336 seconds.
[[ 0.25   -0.2335 -0.2335 ... -0.1967 -0.1967  0.1797]
 [-0.2335  0.25    0.2228 ...  0.1817  0.1545 -0.1536]
 [-0.2335  0.2228  0.25   ...  0.1545  0.1817 -0.1536]
 ...
 [-0.1967  0.1817  0.1545 ...  0.1817  0.1545 -0.1536]
 [-0.1967  0.1545  0.1817 ...  0.1545  0.1817 -0.1536]
 [ 0.1797 -0.1536 -0.1536 ... -0.1536 -0.1536  0.1565]]

S-:
Time: 2.7260067462921143 seconds.
[[ 0.75    0.2335  0.2335 ...  0.0368  0.0368 -0.0431]
 [ 0.2335  0.75   -0.2228 ...  0.0199  0.      0.    ]
 [ 0.2335 -0.2228  0.75   ...  0.      0.0199  0.    ]
 ...
 [ 0.0368  0.0199  0.     ...  0.0199  0.      0.    ]
 [ 0.0368  0.      0.0199 ...  0.      0.0199  0.    ]
 [-0.0431  0.      0.     ...  0.      0.      0.0199]]



