H+:
Time: 2.5631871223449707 seconds.
[[-1.1763  0.1238  0.1238 ... -0.0413 -0.0413 -0.0251]
 [ 0.1238 -1.1763  1.0563 ... -0.0311  0.0368  0.0232]
 [ 0.1238  1.0563 -1.1763 ...  0.0368 -0.0311  0.0232]
 ...
 [-0.0413 -0.0311  0.0368 ...  0.0794  0.     -0.0199]
 [-0.0413  0.0368 -0.0311 ...  0.      0.0794 -0.0199]
 [-0.0251  0.0232  0.0232 ... -0.0199 -0.0199  0.0794]]

H-:
Time: 4.121390342712402 seconds.
[[-0.467  -0.4728 -0.4728 ... -0.3362 -0.3362 -0.3072]
 [-0.4728 -0.467  -0.467  ... -0.3503 -0.3503 -0.3362]
 [-0.4728 -0.467  -0.467  ... -0.3503 -0.3503 -0.3362]
 ...
 [-0.3362 -0.3503 -0.3503 ... -0.2335 -0.2335 -0.1996]
 [-0.3362 -0.3503 -0.3503 ... -0.2335 -0.2335 -0.1996]
 [-0.3072 -0.3362 -0.3362 ... -0.1996 -0.1996 -0.1473]]

S+:
Time: 2.5869534015655518 seconds.
[[ 0.75   -0.2335 -0.2335 ... -0.0368 -0.0368 -0.0431]
 [-0.2335  0.75   -0.2228 ...  0.0199  0.      0.    ]
 [-0.2335 -0.2228  0.75   ...  0.      0.0199  0.    ]
 ...
 [-0.0368  0.0199  0.     ...  0.0199  0.      0.    ]
 [-0.0368  0.      0.0199 ...  0.      0.0199  0.    ]
 [-0.0431  0.      0.     ...  0.      0.      0.0199]]

S-:
Time: 4.233758211135864 seconds.
[[0.25   0.2335 0.2335 ... 0.1967 0.1967 0.1797]
 [0.2335 0.25   0.2228 ... 0.1817 0.1545 0.1536]
 [0.2335 0.2228 0.25   ... 0.1545 0.1817 0.1536]
 ...
 [0.1967 0.1817 0.1545 ... 0.1817 0.1545 0.1536]
 [0.1967 0.1545 0.1817 ... 0.1545 0.1817 0.1536]
 [0.1797 0.1536 0.1536 ... 0.1536 0.1536 0.1565]]


